nohup: ignoring input
Task generated. Start checking.
1.170745849609375
0.9650611877441406
1.0117192268371582
0.9925997257232666
1.0513265132904053
1.1473121643066406
1.2215855121612549
1.323716402053833
1.0106236934661865
1.0252621173858643
1.0082063674926758
1.1633565425872803
0.9972348213195801
1.0728063583374023
1.1780815124511719
1.0162618160247803
1.0457961559295654
0.9900848865509033
1.1211464405059814
1.198796272277832
0.9736855030059814
1.1247153282165527
1.2219738960266113
0.9978818893432617
0.9628980159759521
1.2447664737701416
1.0147404670715332
0.9866044521331787
1.2018039226531982
1.0166325569152832
1.26387619972229
0.974618673324585
1.003476619720459
1.061676025390625
1.063957691192627
1.1912455558776855
1.1270642280578613
1.0064806938171387
1.0669143199920654
1.0270206928253174
1.0060210227966309
1.1368660926818848
1.2317516803741455
1.0332577228546143
1.1481096744537354
0.996464729309082
0.957643985748291
1.0569698810577393
1.1955080032348633
1.1694221496582031
0.969975471496582
0.9704668521881104
0.9982492923736572
1.0333633422851562
1.0991709232330322
1.331083059310913
1.1251249313354492
1.0044937133789062
1.0723521709442139
1.2736434936523438
1.0144362449645996
1.0618252754211426
1.0488710403442383
1.3100719451904297
1.0046710968017578
1.1068482398986816
0.9987971782684326
1.1382641792297363
1.0278325080871582
1.04315185546875
1.1206998825073242
1.0213623046875
1.0841577053070068
0.9755609035491943
1.001589298248291
1.1982147693634033
1.2177860736846924
1.158116102218628
1.1690714359283447
1.1662678718566895
0.9661996364593506
0.9948098659515381
0.8997859954833984
1.2560768127441406
1.155827283859253
1.118373155593872
1.1112220287322998
0.977196455001831
1.2222368717193604
1.0242371559143066
1.0241754055023193
1.1194558143615723
1.0232701301574707
1.1011979579925537
0.9904017448425293
1.2751433849334717
1.006948709487915
1.130082130432129
1.1789662837982178
1.0674874782562256
1.098606824874878
1.0909218788146973
1.0197033882141113
1.253220796585083
0.969588041305542
1.131906270980835
1.1754839420318604
0.9916105270385742
0.9822320938110352
1.2247045040130615
1.1449525356292725
0.962440013885498
1.14253830909729
1.0010404586791992
1.0285184383392334
1.0528895854949951
0.99753737449646
1.1223342418670654
1.3316435813903809
1.5093085765838623
0.978907585144043
1.0038750171661377
1.0545389652252197
1.0624065399169922
1.0729060173034668
0.9805035591125488
1.2046632766723633
1.0557582378387451
1.0571725368499756
1.3301515579223633
0.9939393997192383
1.0307891368865967
0.9685783386230469
1.1244258880615234
0.9759073257446289
1.0117990970611572
0.9961056709289551
1.0553531646728516
1.139404296875
1.3697590827941895
0.980372428894043
0.9461827278137207
0.9472122192382812
1.0159528255462646
0.997312068939209
0.9392299652099609
0.9917113780975342
0.9478449821472168
1.1185822486877441
0.9849119186401367
1.201401710510254
0.991584062576294
0.9700255393981934
1.0313010215759277
1.4552388191223145
1.198972463607788
1.0910000801086426
1.1095964908599854
1.4066791534423828
1.0263385772705078
0.9777708053588867
0.896744966506958
1.1864559650421143
1.1201305389404297
1.0563366413116455
1.0045835971832275
1.2872443199157715
1.008798599243164
1.0606966018676758
0.9799895286560059
0.9652185440063477
1.0127761363983154
0.9590251445770264
0.9837236404418945
1.0021142959594727
0.9690821170806885
1.0050294399261475
1.1938605308532715
0.9927713871002197
0.9773483276367188
0.9840693473815918
1.118070363998413
1.115422248840332
1.3618147373199463
1.2081129550933838
0.997215986251831
1.024975061416626
0.9872033596038818
0.990703821182251
0.8570945262908936
0.8958959579467773
0.9015254974365234
1.1218640804290771
1.000981330871582
0.9919195175170898
1.013782024383545
1.2052228450775146
1.3336503505706787
1.1475951671600342
1.1280744075775146
0.979989767074585
1.013244390487671
1.017242431640625
1.0463581085205078
0.9305450916290283
0.8416526317596436
0.8569545745849609
1.142073392868042
0.774761438369751
0.9673986434936523
0.9875221252441406
0.9850902557373047
1.0000190734863281
1.0386991500854492
0.9894402027130127
0.9786989688873291
0.9807579517364502
0.9786562919616699
0.9758687019348145
1.0079562664031982
0.9834027290344238
0.9645121097564697
1.0278799533843994
1.0784587860107422
0.9980964660644531
0.9642229080200195
0.9445476531982422
0.9919369220733643
1.620858907699585
1.1767644882202148
1.1938178539276123
1.0283057689666748
1.2534444332122803
1.0653760433197021
1.2502071857452393
1.0602707862854004
1.0270488262176514
1.1553003787994385
0.9552907943725586
0.9738421440124512
0.8963210582733154
0.9307358264923096
0.966759204864502
1.0477097034454346
0.9823806285858154
1.2217090129852295
1.041163444519043
0.9896149635314941
0.9891219139099121
1.006162166595459
1.039099931716919
1.2840046882629395
1.1995797157287598
0.9617600440979004
0.9826045036315918
1.0624947547912598
1.2212328910827637
1.275684118270874
1.233151912689209
0.9397797584533691
0.9751279354095459
0.9775002002716064
0.9958393573760986
1.029203176498413
1.008054494857788
1.0058295726776123
1.0153608322143555
1.1079399585723877
0.9508650302886963
0.9741315841674805
0.9291141033172607
0.9893243312835693
0.9903922080993652
0.9906387329101562
1.0113039016723633
0.9568367004394531
0.9961583614349365
0.963313102722168
1.0178732872009277
1.0186915397644043
0.9864640235900879
1.043440818786621
0.9592776298522949
1.1410706043243408
0.9581859111785889
1.0173025131225586
0.9817678928375244
0.9988813400268555
0.9793295860290527
1.029733657836914
0.8391211032867432
1.0753130912780762
0.9730336666107178
1.015976905822754
0.9715440273284912
0.9701650142669678
0.9949595928192139
1.0014374256134033
0.9673962593078613
1.017401933670044
1.1156806945800781
1.0223617553710938
0.7726531028747559
0.9548993110656738
1.0138194561004639
1.0264501571655273
0.9908308982849121
0.9790611267089844
1.0101802349090576
1.0733885765075684
1.1639373302459717
1.1233620643615723
1.2784948348999023
1.3223302364349365
1.0569186210632324
1.0837266445159912
0.9742844104766846
0.9106571674346924
0.9943928718566895
1.0098392963409424
0.9339993000030518
1.0182275772094727
0.9936532974243164
0.9720861911773682
1.0330679416656494
0.9983115196228027
1.021747350692749
1.033034324645996
0.9779353141784668
0.9673595428466797
1.121669054031372
0.9771335124969482
0.9840986728668213
0.9614276885986328
0.9866209030151367
0.9878733158111572
1.0263597965240479
0.8958301544189453
1.0565409660339355
0.9717824459075928
1.001068115234375
0.9797780513763428
1.0262656211853027
0.9878103733062744
0.9624435901641846
1.0172851085662842
1.0618400573730469
0.9594936370849609
0.9916319847106934
1.048182487487793
0.9837102890014648
1.1028599739074707
0.9992916584014893
0.8545911312103271
1.21584153175354
0.9968259334564209
1.0226240158081055
0.9741103649139404
0.9100179672241211
0.8501038551330566
1.0490450859069824
0.9681429862976074
1.209578514099121
1.015251874923706
1.0275356769561768
0.9219443798065186
0.9961419105529785
1.023528814315796
0.9974324703216553
0.8068058490753174
1.128920316696167
0.9744160175323486
0.9904406070709229
0.9654736518859863
0.9662885665893555
0.9594392776489258
1.0060105323791504
0.9888496398925781
1.2962095737457275
1.0109381675720215
0.9988255500793457
0.9841835498809814
0.8467743396759033
1.0053746700286865
0.996708869934082
0.8993456363677979
1.042426586151123
1.0201711654663086
0.971956729888916
0.9833264350891113
0.9446635246276855
0.9880025386810303
1.0750737190246582
1.0039081573486328
1.203777551651001
1.0353288650512695
1.0107042789459229
0.9208471775054932
0.8329455852508545
0.9934537410736084
0.9957160949707031
1.006403923034668
0.9855880737304688
0.9835422039031982
1.0241115093231201
0.9757606983184814
1.0065600872039795
1.0739195346832275
0.9715313911437988
1.0055243968963623
1.0535271167755127
0.9783291816711426
1.0241446495056152
0.9781701564788818
0.9688117504119873
1.0142719745635986
1.0109286308288574
1.0159261226654053
1.0728037357330322
0.9796993732452393
1.0268197059631348
1.031339406967163
0.976388692855835
1.0350511074066162
0.994098424911499
0.9354798793792725
1.2937572002410889
0.9842939376831055
0.9543623924255371
0.7594475746154785
1.041128396987915
1.0066964626312256
0.9880163669586182
0.9750363826751709
0.9888415336608887
1.0497500896453857
0.9803845882415771
0.9601612091064453
1.0455455780029297
0.9851393699645996
1.0184624195098877
1.0243396759033203
1.0816268920898438
0.9862096309661865
1.004532814025879
0.988070011138916
0.9961001873016357
1.0380523204803467
0.9720160961151123
0.9982118606567383
1.0206763744354248
1.0009102821350098
1.030195713043213
0.9803147315979004
1.0038528442382812
0.9914333820343018
1.0498530864715576
0.9704756736755371
1.418304204940796
0.9369208812713623
1.0128684043884277
1.0659902095794678
0.7828471660614014
1.072591781616211
1.0128538608551025
0.7531545162200928
1.0560672283172607
1.0107660293579102
0.9970302581787109
0.9764218330383301
1.0051383972167969
1.0640723705291748
0.9841363430023193
0.978766918182373
1.2132811546325684
1.0097880363464355
1.0372273921966553
0.9888174533843994
1.0092132091522217
1.0007247924804688
1.030625820159912
0.7864809036254883
1.1003496646881104
0.9568729400634766
0.9711711406707764
0.9859020709991455
1.0259613990783691
0.9875264167785645
0.9744699001312256
0.9850924015045166
1.1560192108154297
1.13411283493042
1.0230951309204102
1.4491503238677979
1.2830314636230469
0.983168363571167
0.973402738571167
1.3157069683074951
1.0054287910461426
1.0390923023223877
0.9940803050994873
0.9748718738555908
1.0297422409057617
0.9957611560821533
0.7462873458862305
1.1567988395690918
1.0040826797485352
1.1398673057556152
1.5673449039459229
1.0820958614349365
1.0300791263580322
1.0226554870605469
1.1226997375488281
1.0000476837158203
1.021392583847046
0.9814760684967041
0.9742810726165771
0.9841697216033936
1.016357421875
0.9701178073883057
1.1032648086547852
0.9671080112457275
0.9915444850921631
0.989159107208252
0.9995546340942383
0.989220380783081
0.9500887393951416
1.0912723541259766
1.0972998142242432
0.9657948017120361
1.0373311042785645
0.9899106025695801
1.0070421695709229
0.9995450973510742
0.9842088222503662
0.9665482044219971
1.0477466583251953
1.0064587593078613
1.0044903755187988
0.9698903560638428
0.9675502777099609
1.0593502521514893
1.0110142230987549
0.9799177646636963
1.2117371559143066
0.9611415863037109
0.8277220726013184
1.0066354274749756
1.0518877506256104
1.0065429210662842
1.0032713413238525
1.0291123390197754
1.273162841796875
1.0113327503204346
1.0072519779205322
0.9724395275115967
1.0262434482574463
1.0026378631591797
1.0317769050598145
0.7240996360778809
1.175642728805542
0.9848825931549072
0.9691143035888672
1.0068418979644775
1.0311496257781982
0.9621684551239014
1.1052241325378418
0.8059506416320801
1.10526704788208
0.9745216369628906
1.0195364952087402
1.0378220081329346
0.9542868137359619
1.0421557426452637
0.9734749794006348
0.98494553565979
1.2025783061981201
1.019826889038086
1.0157253742218018
1.0075485706329346
1.011308193206787
1.011176347732544
1.0244505405426025
0.7862143516540527
1.226384162902832
0.9468479156494141
0.9852743148803711
0.9854207038879395
0.9897940158843994
1.0067567825317383
1.0257439613342285
0.9392180442810059
0.8681557178497314
0.9037373065948486
1.0603299140930176
1.1477015018463135
0.9765775203704834
1.003715991973877
1.0555412769317627
1.0606999397277832
1.1395294666290283
0.9820237159729004
0.9713916778564453
1.0050151348114014
1.001866340637207
0.9785301685333252
0.9725015163421631
1.0374243259429932
1.1818327903747559
0.9737520217895508
0.9816255569458008
0.9769601821899414
1.022857904434204
1.0051562786102295
1.0071320533752441
0.9181022644042969
1.151134729385376
0.8204231262207031
1.053609848022461
0.992262601852417
1.0028693675994873
1.016219139099121
1.024057388305664
0.9890763759613037
1.0285899639129639
0.9633135795593262
0.9965507984161377
1.027754306793213
0.9452400207519531
0.9663374423980713
1.1311266422271729
1.0401287078857422
1.0742313861846924
0.9538698196411133
0.983562707901001
1.0677814483642578
1.0065841674804688
1.0600216388702393
0.98079514503479
0.9755172729492188
1.1812899112701416
0.9548864364624023
0.950615406036377
0.9774317741394043
1.0090699195861816
1.006070852279663
0.9958655834197998
1.0163493156433105
1.0691709518432617
0.941992998123169
1.0056147575378418
0.9858498573303223
1.0035409927368164
0.9774329662322998
1.0248048305511475
1.099623203277588
1.1435210704803467
1.0145595073699951
0.9527873992919922
0.9637904167175293
1.0178451538085938
0.9771807193756104
1.0037362575531006
0.975684642791748
1.0632777214050293
1.0696148872375488
1.0388545989990234
0.9689133167266846
1.0128414630889893
0.972407341003418
0.920682430267334
0.9828245639801025
1.1225688457489014
0.9893953800201416
1.0446832180023193
1.002718448638916
0.9843387603759766
1.0144047737121582
1.0392534732818604
0.9072749614715576
1.2546954154968262
0.9726731777191162
0.9812066555023193
1.016690969467163
1.0134761333465576
1.0002973079681396
0.9643533229827881
0.8789706230163574
1.2572174072265625
1.0591928958892822
1.0279204845428467
1.0072870254516602
0.9619348049163818
0.9807875156402588
1.0174479484558105
0.7861297130584717
1.2169382572174072
0.9947612285614014
1.0401031970977783
0.9633328914642334
0.9705312252044678
0.9202766418457031
0.9893448352813721
1.0025548934936523
1.0938904285430908
0.9803109169006348
1.020719289779663
0.9930980205535889
0.9703691005706787
1.082615613937378
1.0069172382354736
0.9950869083404541
0.9849815368652344
1.0127034187316895
1.100316047668457
0.9620397090911865
0.979041337966919
1.039147138595581
1.0557315349578857
0.978172779083252
1.2351093292236328
0.9571981430053711
1.0155634880065918
0.9644298553466797
1.0434679985046387
1.0021038055419922
1.0310683250427246
0.8772158622741699
1.2059030532836914
0.981311559677124
0.9867899417877197
0.9812543392181396
0.992091178894043
1.0384137630462646
1.008805751800537
0.9417214393615723
1.1998040676116943
0.9584259986877441
0.9707767963409424
0.9758410453796387
1.0283246040344238
1.0048878192901611
0.9892423152923584
1.001640796661377
1.2141540050506592
1.0682930946350098
1.047252893447876
0.9909179210662842
0.9704253673553467
0.9779534339904785
1.023097276687622
0.8269550800323486
0.9625837802886963
1.0012309551239014
1.0333850383758545
1.0472548007965088
1.0129482746124268
1.0150940418243408
1.1373703479766846
0.93135666847229
1.187392234802246
0.9732792377471924
1.0298235416412354
0.9869601726531982
1.0204198360443115
0.9757509231567383
1.033961534500122
0.9370448589324951
1.1136367321014404
1.0130350589752197
1.0230066776275635
0.9829838275909424
0.9839885234832764
1.0111889839172363
1.0857312679290771
0.9057633876800537
1.2891685962677002
1.0125248432159424
1.008514165878296
0.9984571933746338
0.9401893615722656
0.9393699169158936
0.9998457431793213
0.957726240158081
1.1222872734069824
0.9861307144165039
1.0184581279754639
0.9637422561645508
0.9786345958709717
1.0205426216125488
1.0217595100402832
0.9957129955291748
1.2728252410888672
0.940274715423584
0.9998095035552979
0.9657070636749268
0.9755253791809082
0.9946579933166504
1.0280542373657227
0.9622302055358887
1.2998769283294678
1.0037908554077148
1.0168564319610596
0.9814505577087402
1.0072484016418457
0.9850003719329834
0.9919900894165039
0.8664987087249756
1.1338698863983154
1.044231653213501
1.0019090175628662
0.9844539165496826
1.0120000839233398
0.9788439273834229
0.963249683380127
0.9275133609771729
1.2311289310455322
1.0039722919464111
0.9931373596191406
1.254277229309082
1.3212065696716309
1.118269681930542
1.1563098430633545
1.1631553173065186
0.9729442596435547
1.0446105003356934
1.0011777877807617
1.055729627609253
0.9940433502197266
1.0295312404632568
0.9080154895782471
1.2085034847259521
1.010554552078247
1.0352249145507812
0.9751732349395752
0.9994938373565674
0.9931795597076416
1.0396919250488281
0.8956642150878906
1.1135597229003906
1.0009779930114746
1.0271008014678955
0.9987127780914307
0.9967153072357178
0.9816699028015137
1.0143375396728516
0.98569655418396
1.1019396781921387
1.0086822509765625
1.071169137954712
0.9857420921325684
0.98976731300354
1.011479139328003
1.076514482498169
0.8751363754272461
1.1203184127807617
1.02854585647583
1.0353970527648926
1.005112648010254
1.0005781650543213
0.9598135948181152
1.0158908367156982
0.9713914394378662
1.0143656730651855
1.0699141025543213
1.0068109035491943
1.0207085609436035
0.9698431491851807
0.9893250465393066
1.001892328262329
1.0238831043243408
1.2137162685394287
0.9105539321899414
1.0053648948669434
0.9903011322021484
1.0176331996917725
1.0093717575073242
1.0185322761535645
0.9753856658935547
1.2417633533477783
0.8995983600616455
0.9630217552185059
0.973613977432251
0.8905577659606934
1.0018267631530762
1.1441891193389893
0.965299129486084
1.1007130146026611
1.0309076309204102
1.0224330425262451
0.9970314502716064
0.9734542369842529
0.9772899150848389
1.030094861984253
0.9846980571746826
1.0480685234069824
1.0720593929290771
0.9967050552368164
1.0445880889892578
0.999373197555542
1.0510709285736084
0.9742693901062012
0.9863097667694092
1.1964473724365234
0.9357635974884033
0.982630729675293
1.0157215595245361
0.9733400344848633
1.0422277450561523
0.966895341873169
1.0511393547058105
1.1305639743804932
1.0063354969024658
1.0367028713226318
1.0156564712524414
1.02943754196167
1.0073480606079102
1.013871669769287
0.9024820327758789
1.0510783195495605
1.0537879467010498
0.9815104007720947
1.0020959377288818
1.0469424724578857
0.9723262786865234
1.0044903755187988
0.9798669815063477
1.1372737884521484
1.044370174407959
0.9972672462463379
0.9723167419433594
1.017759084701538
1.0121080875396729
0.9581620693206787
0.9495880603790283
1.123687505722046
1.0218615531921387
1.037301778793335
0.9987831115722656
1.007390022277832
0.9906764030456543
1.0510284900665283
0.9103653430938721
1.2091100215911865
0.950401782989502
1.0375614166259766
0.9957072734832764
1.03605055809021
1.0054535865783691
1.0477254390716553
0.876286506652832
1.2023684978485107
1.0186214447021484
0.9742424488067627
1.042299747467041
0.9352073669433594
1.0044174194335938
1.038323163986206
0.9563608169555664
1.323230266571045
1.0101616382598877
1.0318496227264404
0.9963760375976562
0.9721479415893555
0.982839822769165
0.9100003242492676
0.9703137874603271
1.127342700958252
1.01369309425354
1.083831787109375
0.9810097217559814
0.9943604469299316
0.9780580997467041
1.0496463775634766
0.9366838932037354
1.312330722808838
0.9511847496032715
1.013953447341919
0.9852356910705566
1.0089647769927979
1.0092649459838867
1.0306587219238281
0.8805985450744629
1.2966101169586182
1.001105546951294
0.9787225723266602
0.9787266254425049
1.0027024745941162
0.9643595218658447
1.0065228939056396
0.9823000431060791
1.1452665328979492
1.032745122909546
1.0576481819152832
0.973351001739502
0.9941751956939697
0.9984090328216553
1.0252509117126465
0.902461051940918
1.1795413494110107
0.9828126430511475
0.9676318168640137
0.9687285423278809
1.0485944747924805
0.9973044395446777
1.006392002105713
0.9692950248718262
1.1775798797607422
0.9948697090148926
0.9668681621551514
1.0271236896514893
1.0150742530822754
0.978386402130127
0.9831211566925049
0.9813966751098633
1.311072826385498
1.0166890621185303
0.9528219699859619
0.9995040893554688
0.980640172958374
0.9819607734680176
1.0181455612182617
0.958383321762085
1.1811869144439697
1.0054388046264648
0.964259147644043
0.9905252456665039
1.0468504428863525
1.0014393329620361
0.9993922710418701
0.9573760032653809
1.123481273651123
1.0169131755828857
1.0149672031402588
0.9727163314819336
0.9945647716522217
1.0253639221191406
1.0302436351776123
0.9861159324645996
1.1985502243041992
1.0099434852600098
0.996715784072876
0.9634168148040771
1.0468239784240723
1.0070466995239258
0.993699312210083
0.9308562278747559
1.3025648593902588
1.0169997215270996
1.057908296585083
0.9875631332397461
1.005859136581421
0.843209981918335
1.045048475265503
0.9399855136871338
1.2476556301116943
0.9587833881378174
1.0880646705627441
1.0146310329437256
0.9800131320953369
1.0166809558868408
0.9919769763946533
0.8984606266021729
1.2206149101257324
0.9775857925415039
1.018491506576538
0.9977753162384033
0.9905431270599365
0.9982552528381348
1.0773887634277344
0.9158625602722168
1.3019001483917236
0.9947466850280762
1.0169875621795654
0.9719734191894531
0.9848735332489014
0.9829175472259521
1.0071415901184082
0.9433078765869141
1.161224603652954
0.9925262928009033
0.9807002544403076
1.001572608947754
1.0348477363586426
1.0074539184570312
1.0042612552642822
0.9444293975830078
1.2271840572357178
0.9610021114349365
0.9604191780090332
0.9875450134277344
1.0332705974578857
1.0020923614501953
1.0719525814056396
0.964508056640625
1.1995511054992676
0.9763665199279785
1.01751708984375
1.0468885898590088
1.035355806350708
1.0218985080718994
1.0177581310272217
0.8303539752960205
1.1821177005767822
1.0080950260162354
0.9886112213134766
1.009347915649414
1.0161287784576416
0.9813566207885742
1.0067942142486572
0.9555845260620117
1.1395270824432373
1.0000455379486084
1.0401887893676758
1.0065586566925049
1.006075143814087
1.1294541358947754
1.0733025074005127
0.7922894954681396
1.098520040512085
0.9214320182800293
1.0283470153808594
1.0155186653137207
0.9909951686859131
1.0233607292175293
1.0555050373077393
1.073822259902954
1.2563741207122803
0.9763474464416504
0.9428343772888184
0.9851751327514648
1.0552730560302734
1.011122465133667
0.9854061603546143
0.9558558464050293
1.2902681827545166
0.9989278316497803
0.9758799076080322
1.0883548259735107
1.1054213047027588
1.001749038696289
0.996711254119873
0.7801709175109863
1.4244005680084229
0.9680783748626709
0.9505951404571533
0.9803314208984375
1.009540319442749
1.0266704559326172
0.8636212348937988
0.957528829574585
1.133552074432373
0.9696192741394043
0.9814481735229492
1.090707540512085
1.0125484466552734
0.9711840152740479
1.0707924365997314
0.9574089050292969
1.2894322872161865
1.0017452239990234
0.9174976348876953
0.9972224235534668
1.0331635475158691
0.9759824275970459
0.9844362735748291
1.0209894180297852
1.4208130836486816
0.9425234794616699
1.0050547122955322
1.0475637912750244
0.9904756546020508
0.8915274143218994
1.0050060749053955
0.9363768100738525
1.302748441696167
0.9692716598510742
1.008737564086914
0.9814097881317139
0.9996986389160156
0.9911127090454102
1.0135996341705322
0.9718914031982422
1.108543872833252
0.9694199562072754
1.0481712818145752
1.049039363861084
1.0389764308929443
1.0530452728271484
1.0089879035949707
0.957467794418335
1.2102622985839844
1.0022506713867188
0.9874465465545654
1.1029350757598877
0.9672446250915527
1.0221784114837646
1.0393006801605225
0.8929166793823242
1.2134690284729004
1.0481760501861572
1.0156152248382568
0.9633352756500244
0.9884538650512695
0.9909050464630127
1.009812355041504
0.9641683101654053
1.1154940128326416
1.0377674102783203
1.0522775650024414
0.9958336353302002
1.0064020156860352
0.9731996059417725
1.015031337738037
0.9945993423461914
1.3047826290130615
0.99465012550354
1.0088300704956055
1.0020980834960938
0.9697732925415039
1.0029282569885254
1.016876220703125
0.9459595680236816
1.1221001148223877
1.0217711925506592
1.0195155143737793
1.0016193389892578
0.9833123683929443
0.9836516380310059
1.1043365001678467
0.9422824382781982
1.2931854724884033
1.098130702972412
1.0253281593322754
0.9901938438415527
1.0359704494476318
1.022766351699829
1.0612640380859375
0.6730978488922119
1.1780946254730225
0.9665846824645996
0.9865849018096924
1.221144199371338
1.063532829284668
1.0301754474639893
1.0400993824005127
0.7365679740905762
1.2680366039276123
1.0056555271148682
0.9899795055389404
0.9794657230377197
1.0056493282318115
1.0343976020812988
0.9856626987457275
0.9405307769775391
1.3021032810211182
0.9729652404785156
1.096682071685791
0.9421548843383789
0.9592201709747314
0.9881935119628906
1.038754940032959
0.9495201110839844
1.2128186225891113
1.0808727741241455
0.9951419830322266
0.9778165817260742
1.009610652923584
0.9775667190551758
1.0062994956970215
0.9301943778991699
1.282517433166504
0.9929800033569336
0.9943680763244629
0.9797263145446777
1.0704607963562012
0.9928951263427734
0.999060869216919
0.8782470226287842
1.1503543853759766
1.0381147861480713
0.9798667430877686
1.0114631652832031
1.0700790882110596
0.9729442596435547
0.9810004234313965
0.9710876941680908
1.1969401836395264
1.0169651508331299
1.1952245235443115
0.9875748157501221
1.0088615417480469
0.9894297122955322
0.973991870880127
0.8259415626525879
1.2889142036437988
0.9668917655944824
1.013866901397705
1.0224361419677734
1.0192501544952393
0.980499267578125
0.9891557693481445
0.9189693927764893
1.0723838806152344
1.1882364749908447
1.000514030456543
1.041330337524414
1.0191569328308105
1.0540833473205566
1.0286579132080078
0.8542397022247314
1.1402645111083984
1.0047595500946045
1.0241408348083496
1.038271427154541
0.999204158782959
0.9914209842681885
1.0399506092071533
0.9663200378417969
1.2530934810638428
1.0122463703155518
1.0023159980773926
0.9866278171539307
1.032198429107666
1.0343120098114014
1.0265488624572754
0.8652873039245605
1.3252272605895996
0.9878547191619873
0.9885072708129883
0.9918651580810547
0.9966535568237305
0.9943428039550781
1.017272710800171
0.9528999328613281
1.1206181049346924
0.9773547649383545
1.0346195697784424
1.0186591148376465
1.0094273090362549
0.9703233242034912
1.1685478687286377
0.864753246307373
1.2907092571258545
1.0158228874206543
0.9817161560058594
1.021479606628418
0.9842629432678223
1.0344817638397217
1.023292064666748
0.9233887195587158
1.1518471240997314
0.9951167106628418
1.0441365242004395
0.9885878562927246
1.0238723754882812
1.0614516735076904
0.9937314987182617
0.9946191310882568
0.9659099578857422
1.025625467300415
0.989837646484375
0.9923961162567139
1.2093913555145264
1.0601739883422852
1.001037359237671
0.9737131595611572
1.2558372020721436
0.9666714668273926
0.991654634475708
0.9837901592254639
1.0032849311828613
1.0900697708129883
0.9989447593688965
0.9526827335357666
1.293130874633789
1.0296733379364014
0.9732658863067627
1.0148894786834717
0.993701696395874
1.0327060222625732
0.9894397258758545
0.9529798030853271
1.2898848056793213
1.0112042427062988
1.0244107246398926
0.9936361312866211
1.0396196842193604
0.9962053298950195
1.0291800498962402
0.87839674949646
1.2850227355957031
1.0082459449768066
0.999669075012207
1.0051374435424805
1.0629808902740479
1.016319751739502
0.9748024940490723
0.9096879959106445
1.137979507446289
1.0048413276672363
1.0379211902618408
0.9938981533050537
1.0093536376953125
0.9748365879058838
1.0428543090820312
1.032754898071289
1.0726487636566162
1.0146617889404297
0.9676733016967773
1.0073292255401611
1.07881760597229
1.017122507095337
1.0332529544830322
0.9614074230194092
1.2167320251464844
1.1029720306396484
0.995516300201416
0.9813871383666992
0.999983549118042
1.1429638862609863
1.0978636741638184
0.7117457389831543
1.031073808670044
0.9910550117492676
1.028651237487793
0.9797353744506836
0.9943246841430664
1.0873923301696777
1.3805856704711914
0.7528274059295654
1.2923481464385986
0.991234540939331
1.0056488513946533
0.9869270324707031
1.0160140991210938
1.013319730758667
1.0089077949523926
0.9403274059295654
1.2790932655334473
0.9948818683624268
0.9645929336547852
1.0170977115631104
1.0514295101165771
1.0147593021392822
0.9818000793457031
0.9667987823486328
1.1852400302886963
0.9839544296264648
0.9766232967376709
0.9985740184783936
1.0743958950042725
1.0402545928955078
1.0389623641967773
0.9066708087921143
1.3030948638916016
0.9846794605255127
1.0356237888336182
0.9783635139465332
0.9669585227966309
1.0366132259368896
1.0302703380584717
0.9257047176361084
1.1374075412750244
1.012800693511963
1.0576472282409668
1.057077169418335
1.0233619213104248
1.001965045928955
1.0216319561004639
0.922257661819458
1.15995454788208
1.033515453338623
1.084960699081421
1.0494072437286377
1.0050606727600098
0.9961895942687988
1.0569097995758057
0.8360404968261719
1.2963495254516602
1.0071310997009277
1.0182528495788574
0.9869344234466553
1.0258393287658691
1.0104668140411377
1.0037071704864502
0.9218325614929199
1.1599326133728027
1.031207799911499
1.011683464050293
1.0751855373382568
1.2712388038635254
1.694734811782837
0.9734439849853516
1.2952227592468262
1.0182795524597168
1.0090229511260986
0.9931557178497314
1.0355381965637207
0.9958081245422363
1.0040326118469238
0.9410569667816162
1.294135332107544
1.017979383468628
1.0151708126068115
0.9862253665924072
1.0388379096984863
0.9930448532104492
1.01468825340271
0.9343492984771729
1.1526055335998535
0.9897739887237549
1.0158329010009766
0.9799230098724365
1.1615421772003174
1.037708044052124
1.0397555828094482
0.880307674407959
1.2777609825134277
0.9887745380401611
0.9747486114501953
0.980388879776001
1.0417897701263428
0.8679709434509277
1.1187798976898193
0.990105152130127
1.2681283950805664
1.0089232921600342
0.9866981506347656
1.0624217987060547
0.9922924041748047
0.953265905380249
0.9814937114715576
0.9855527877807617
1.2890517711639404
1.0444257259368896
0.9909074306488037
0.9771060943603516
1.0348572731018066
1.0118122100830078
0.9829323291778564
0.9525237083435059
1.1858954429626465
1.2471671104431152
1.2242505550384521
1.0366241931915283
1.0793769359588623
1.5263702869415283
0.8991055488586426
1.2868988513946533
1.0499036312103271
0.9267368316650391
0.9810261726379395
1.0623934268951416
1.2034506797790527
0.9732694625854492
0.7559752464294434
1.0935232639312744
0.9927787780761719
1.0951998233795166
0.994969367980957
0.9941294193267822
0.990126371383667
1.1550588607788086
0.9316999912261963
1.0377869606018066
1.002272605895996
0.9543592929840088
0.9996249675750732
1.2498576641082764
1.0657708644866943
1.0364534854888916
0.8939156532287598
1.206299066543579
0.9836759567260742
0.9590771198272705
1.1366918087005615
1.4560096263885498
1.5529556274414062
0.9050052165985107
1.1671483516693115
1.096149206161499
1.074728012084961
1.0139851570129395
0.967266321182251
1.0681030750274658
1.021247386932373
0.8007407188415527
1.2221004962921143
1.0175726413726807
1.085730791091919
1.014009952545166
1.0037782192230225
1.020798921585083
0.9888534545898438
0.9204707145690918
1.2917871475219727
1.0154688358306885
1.0051367282867432
0.9961280822753906
1.0283396244049072
0.9894158840179443
1.0465545654296875
0.9202241897583008
1.3161585330963135
1.013906717300415
1.041626214981079
0.9950425624847412
0.9930565357208252
1.0105128288269043
1.0258493423461914
0.8932464122772217
1.2928118705749512
1.0261616706848145
1.0146760940551758
0.9748589992523193
1.0905945301055908
0.9816226959228516
0.9927330017089844
0.9208419322967529
1.2715427875518799
1.003805160522461
0.9751310348510742
0.9977266788482666
1.053950309753418
1.0448594093322754
0.9773290157318115
0.9370410442352295
1.2095937728881836
1.010936975479126
1.0513572692871094
1.0024440288543701
0.995180606842041
1.0124547481536865
1.0430536270141602
0.9570407867431641
1.3265540599822998
1.0167391300201416
1.0329864025115967
1.0040929317474365
1.009915828704834
1.0082309246063232
1.0634777545928955
0.8424391746520996
1.3151636123657227
0.967292070388794
1.0026733875274658
0.9752194881439209
1.0448288917541504
1.0095374584197998
1.0269110202789307
0.8983926773071289
1.3160619735717773
1.004364252090454
1.0520639419555664
1.0147504806518555
0.9829776287078857
0.9954142570495605
1.0502550601959229
0.8847079277038574
1.2024967670440674
0.9578413963317871
1.0573408603668213
1.12864351272583
1.1319072246551514
1.7234110832214355
1.0658204555511475
1.2875304222106934
1.002213478088379
1.0041694641113281
0.9934608936309814
1.0850331783294678
0.9836122989654541
0.9864871501922607
0.9709079265594482
1.297872543334961
1.0070562362670898
1.047672986984253
1.016361951828003
1.0125000476837158
1.0033397674560547
1.0102684497833252
0.912879228591919
1.0558831691741943
1.0631756782531738
1.0533101558685303
1.1151597499847412
1.0821034908294678
1.0071051120758057
0.9688608646392822
0.8344199657440186
1.2040534019470215
0.9541230201721191
0.9881694316864014
0.9817240238189697
1.039501667022705
0.9671857357025146
1.1132104396820068
0.981654167175293
1.279294729232788
0.9863314628601074
1.0071344375610352
0.9635906219482422
1.0152645111083984
0.9771175384521484
1.0413742065429688
1.018909215927124
1.2220580577850342
1.048619031906128
1.0488359928131104
0.9781270027160645
1.065617561340332
0.9937903881072998
1.0516562461853027
0.8454008102416992
1.1707544326782227
1.0245790481567383
1.0087416172027588
0.9687771797180176
1.1941571235656738
1.0330603122711182
1.0120470523834229
0.8040022850036621
1.137538194656372
1.0821757316589355
1.040132999420166
1.0896568298339844
0.9953258037567139
0.9915511608123779
1.0495820045471191
0.8665173053741455
1.1306869983673096
1.0023245811462402
1.0435154438018799
1.0067920684814453
1.014880657196045
0.9939393997192383
1.0401201248168945
1.0010206699371338
1.071117639541626
0.9932801723480225
1.1035747528076172
1.083526849746704
1.005997896194458
1.0634195804595947
1.0395698547363281
0.9420998096466064
1.2208962440490723
0.9759113788604736
1.062286376953125
0.986809492111206
1.0251541137695312
1.0286049842834473
1.0340092182159424
0.9422259330749512
1.2125587463378906
1.1017887592315674
1.067032814025879
0.9795558452606201
0.9839029312133789
0.9881694316864014
1.0489931106567383
0.9060828685760498
1.2014527320861816
1.1867856979370117
1.0270586013793945
1.0294427871704102
0.996211051940918
0.9827721118927002
1.059891939163208
0.8363862037658691
1.2530622482299805
0.9634020328521729
1.0136985778808594
1.0144882202148438
1.0602381229400635
1.058763027191162
1.0063278675079346
0.9102077484130859
1.2961297035217285
1.0419528484344482
1.0248908996582031
1.0772621631622314
0.9896721839904785
1.0311245918273926
1.0248064994812012
0.8391060829162598
1.3169958591461182
0.9943921566009521
1.0477397441864014
1.0035977363586426
1.0212688446044922
0.9891097545623779
1.0290899276733398
0.918978214263916
1.2039616107940674
1.002258062362671
0.9782485961914062
1.0939548015594482
1.2126069068908691
0.9846136569976807
1.0167160034179688
0.7754604816436768
1.1265323162078857
1.0142698287963867
1.034480094909668
0.974149227142334
1.0055103302001953
1.0584118366241455
1.1510894298553467
0.90352463722229
1.2115504741668701
0.9747195243835449
1.061098575592041
0.9762594699859619
1.0279250144958496
1.151409387588501
1.067335844039917
0.8472216129302979
1.285346508026123
1.1100170612335205
1.0321216583251953
0.9894924163818359
1.0238757133483887
1.0051217079162598
1.0022618770599365
0.8480069637298584
1.29099440574646
1.015794038772583
1.019108533859253
0.9923300743103027
1.0376026630401611
1.0220553874969482
1.0256662368774414
0.9573538303375244
1.1700754165649414
0.9973866939544678
1.028635025024414
1.0938541889190674
1.108799695968628
0.9882657527923584
1.0095877647399902
0.8871173858642578
1.410356044769287
1.0316524505615234
0.9694352149963379
1.050506353378296
0.9969742298126221
1.0281083583831787
1.0239980220794678
0.8447468280792236
1.213714838027954
1.0627148151397705
1.0646092891693115
1.010089635848999
0.9804332256317139
1.0258057117462158
1.0142316818237305
0.9751603603363037
1.2701003551483154
0.9906010627746582
0.998938798904419
0.9938974380493164
1.0824506282806396
1.03383207321167
1.0192322731018066
0.9252874851226807
1.3110735416412354
1.0020709037780762
1.0448873043060303
1.013227939605713
1.040374517440796
1.030196189880371
1.0695297718048096
0.8485443592071533
1.1682968139648438
0.9977550506591797
0.986771821975708
1.0018792152404785
1.055804967880249
0.9933037757873535
1.1385276317596436
0.926154613494873
1.1151163578033447
1.1287031173706055
1.1097698211669922
1.0232181549072266
1.0536830425262451
1.0005321502685547
1.0338928699493408
0.8074002265930176
1.056380033493042
1.074376106262207
1.0209543704986572
0.9947216510772705
1.035172700881958
0.980600118637085
1.049443244934082
1.051558256149292
1.1266257762908936
1.0953400135040283
1.027435302734375
0.9682657718658447
1.4088923931121826
1.7968449592590332
0.8854284286499023
1.1705329418182373
0.9942164421081543
1.022012710571289
1.125211477279663
1.1676084995269775
1.0050437450408936
1.0368356704711914
0.7988994121551514
1.313584327697754
1.0111052989959717
1.042018175125122
1.0364670753479004
1.0449936389923096
1.0179848670959473
1.0328404903411865
0.8649194240570068
1.230783462524414
1.0041656494140625
0.9984302520751953
0.998197078704834
1.0355429649353027
1.2518916130065918
1.0111973285675049
0.8551042079925537
1.2066214084625244
0.9515893459320068
0.9582960605621338
1.1854221820831299
1.002307415008545
0.9738469123840332
1.1231184005737305
0.9400243759155273
1.2164833545684814
1.0696864128112793
0.9848687648773193
1.02791428565979
1.0627565383911133
0.9855654239654541
1.1688275337219238
0.8144118785858154
1.2190783023834229
0.9614946842193604
1.330519437789917
1.0001695156097412
1.0166354179382324
0.9701364040374756
1.0380797386169434
0.8403708934783936
1.302903652191162
1.0234200954437256
1.0237417221069336
0.9885611534118652
1.1669070720672607
1.0158052444458008
1.0018720626831055
0.8832485675811768
1.2722012996673584
1.0981886386871338
1.016880989074707
0.995863676071167
1.0501365661621094
1.0155625343322754
1.0239903926849365
0.8567161560058594
1.106689691543579
1.0336146354675293
0.9779646396636963
0.9882016181945801
1.2382526397705078
1.0398228168487549
1.1462416648864746
0.8439393043518066
1.3135809898376465
1.0113732814788818
1.0493011474609375
0.9966244697570801
0.9951944351196289
1.0053346157073975
1.0554959774017334
0.988518476486206
1.1972389221191406
0.9727723598480225
0.9804830551147461
1.3575546741485596
1.0341432094573975
0.9932386875152588
0.9611804485321045
0.8772735595703125
1.2199852466583252
1.0675954818725586
1.020157814025879
1.0620660781860352
0.9997813701629639
1.0945885181427002
1.0668139457702637
0.8499295711517334
1.2047922611236572
1.2415239810943604
1.2450461387634277
1.1337387561798096
1.2940638065338135
1.4366910457611084
0.8444111347198486
sur_cond_checker took 9.146sec
